=====================================
Matrix Pair 1
Matrix A Size: 3,4
Matrix B Size: 3,4
Threads Used: 4
=====================================

Addition - 3,4
903710.48, 1008456.40, 1301741.13, 344575.27
980489.23, 642184.15, 1218029.78, 1319312.80
882116.99, 1431965.28, 1433481.67, 776431.89

Subtraction - 3,4
-711535.56, 378723.89, -557316.95, -38856.81
262209.85, 6933.75, -449269.26, 670789.29
-353473.28, 243725.09, 262291.87, -676854.69

Element-wise Multiplication - 3,4
77602444578.42, 218388130234.42, 345981948236.61, 29305566175.38
223151283463.94, 103088101752.51, 320438417145.72, 322656995674.46
163296757767.44, 497780663053.86, 496518167532.49, 36178551344.23

Element-wise Division - 3,4
0.12, 2.20, 0.40, 0.80
1.73, 1.02, 0.46, 3.07
0.43, 1.41, 1.45, 0.07

Transpose A - 4,3
96087.46, 621349.54, 264321.86
693590.14, 324558.95, 837845.19
372212.09, 384380.26, 847886.77
152859.23, 995051.05, 49788.60

Transpose B - 4,3
807623.02, 359139.69, 617795.14
314866.25, 317625.20, 594120.10
929529.04, 833649.52, 585594.90
191716.04, 324261.75, 726643.29

Matrix multiplication cannot be done - A columns must equal B rows.

=====================================
Matrix Pair 2
Matrix A Size: 4,6
Matrix B Size: 6,2
Threads Used: 4
=====================================

Addition cannot be done - different size.

Subtraction cannot be done - different size.

Element-wise multiplication cannot be done - different size.

Element-wise division cannot be done - different size.

Transpose A - 6,4
829878.48, 793478.38, 113235.40, 714549.07
128053.11, 269370.85, 831114.36, 525986.84
933444.81, 998874.41, 418088.72, 81015.75
195740.37, 445817.47, 401083.19, 777302.83
42462.52, 395833.45, 13430.10, 103710.90
395468.81, 343773.71, 624007.54, 272526.83

Transpose B - 2,6
930489.95, 579206.50, 711238.87, 28484.70, 93657.71, 985084.24
382161.96, 496647.99, 251224.62, 70524.87, 487315.81, 215947.44

Matrix Multiplication - 4,2
1909387651748.74, 735147325007.18
1993201207759.63, 986535760087.80
1511494756374.74, 730663597908.81
1327473719803.28, 718867546533.77

=====================================
Matrix Pair 3
Matrix A Size: 5,5
Matrix B Size: 5,5
Threads Used: 4
=====================================

Addition - 5,5
666756.45, 703491.63, 1810778.39, 640246.39, 758158.02
1226811.39, 1531530.48, 161723.40, 788860.47, 159644.46
517051.47, 1285033.99, 702360.70, 1399973.29, 218357.04
424110.38, 570538.40, 985374.86, 174042.98, 851095.91
1006814.65, 944201.55, 150705.83, 1237150.28, 829021.73

Subtraction - 5,5
421965.88, -593833.51, -104648.75, 29806.03, 333263.35
-211635.84, -125699.13, -10540.90, -542278.84, 91646.52
175001.99, 20130.43, -179821.34, -361908.80, -94730.38
-199851.78, 417389.77, 791629.14, -4.02, -762438.32
683115.02, 523556.58, 2869.20, -5079.60, 133590.60

Element-wise Multiplication - 5,5
66627238050.62, 35565559769.53, 816991749888.76, 102256760025.56, 115934781495.53
365069116519.84, 582446335605.02, 6510836494.89, 82058626077.90, 4271817171.17
59179132850.23, 412726783127.02, 115243708333.14, 457236806326.12, 9676487718.75
34982220968.69, 37824959046.81, 86071726941.44, 7572739934.89, 35763014305.25
136757403439.27, 154351270145.55, 5676003763.68, 382628753485.67, 167357643864.34

Element-wise Division - 5,5
4.45, 0.08, 0.89, 1.10, 2.57
0.71, 0.85, 0.88, 0.19, 3.70
2.02, 1.03, 0.59, 0.59, 0.39
0.36, 6.45, 9.17, 1.00, 0.05
5.22, 3.49, 1.04, 0.99, 1.38

Transpose A - 5,5
544361.16, 507587.78, 346026.73, 112129.30, 844964.84
54829.06, 702915.67, 652582.21, 493964.08, 733879.06
853064.82, 75591.25, 261269.68, 888502.00, 76787.52
335026.21, 123290.82, 519032.24, 87019.48, 616035.34
545710.68, 125645.49, 61813.33, 44328.80, 481306.17

Transpose B - 5,5
122395.28, 719223.62, 171024.74, 311981.08, 161849.82
648662.57, 828614.81, 632451.78, 76574.31, 210322.49
957713.57, 86132.15, 441091.02, 96872.86, 73918.31
305220.18, 665569.66, 880941.04, 87023.50, 621114.94
212447.34, 33998.97, 156543.71, 806767.11, 347715.56

Matrix Multiplication - 5,5
444801799149.26, 1078490877314.66, 975136808092.98, 1322246594258.22, 711094364737.47
639407976167.69, 995374328621.11, 601240994228.82, 778126295722.30, 286723281073.76
728320875153.83, 983179616783.70, 557695784283.57, 853677628744.89, 576831304018.98
555273598019.20, 1059961508107.62, 553550730949.73, 1180815528325.79, 265323503048.28
914466115787.48, 1353166517426.35, 1001569596269.24, 1166549232672.52, 880836960541.12

=====================================
Matrix Pair 4
Matrix A Size: 8,4
Matrix B Size: 4,8
Threads Used: 4
=====================================

Addition cannot be done - different size.

Subtraction cannot be done - different size.

Element-wise multiplication cannot be done - different size.

Element-wise division cannot be done - different size.

Transpose A - 4,8
283787.06, 402888.31, 842184.02, 244202.73, 179152.88, 207577.60, 301503.38, 375266.49
393203.84, 567769.49, 23326.06, 789196.65, 887232.70, 959221.86, 709552.53, 976894.27
845554.56, 128644.62, 658458.16, 796158.25, 544837.32, 136934.37, 110626.06, 126615.85
647635.79, 667428.59, 473045.27, 320251.58, 429445.29, 591528.16, 307943.30, 814253.63

Transpose B - 8,4
244742.18, 188905.29, 585265.36, 281310.22
354997.34, 798634.81, 953523.16, 625582.76
32350.99, 998621.53, 247434.64, 790005.59
806292.77, 459887.08, 475202.93, 106166.06
989992.71, 595754.44, 352302.47, 345441.86
604570.95, 638633.74, 300331.56, 488856.73
321357.95, 33536.70, 65422.23, 417707.49
983975.67, 126700.72, 68706.13, 628663.62

Matrix Multiplication - 8,8
820793310646.36, 1626175573214.28, 1122698002153.46, 880211767294.06, 1036811525780.60, 993230492079.16, 430224371853.27, 794298621475.47
468904141083.00, 1136662193341.76, 1139124119600.46, 717946342574.83, 1012987267834.18, 971084318034.05, 435718614437.44, 896795847216.61
728969591281.29, 1241386157843.75, 587173154525.03, 1052896842197.56, 1243038713298.20, 953063935300.56, 512097159485.18, 1174270484402.57
764904019174.25, 1676470440820.42, 1246006639900.10, 972176821198.30, 1103043151777.81, 1047314080020.02, 290801471118.00, 596312804155.06
651130974824.74, 1560342292369.35, 1365881261590.98, 856977332466.83, 1046228781504.62, 1048496433763.75, 302354047002.47, 596105398620.00
478550934250.81, 1340377372800.63, 1465807794849.28, 736373884172.13, 1029541896112.32, 1068385067095.94, 354920142205.79, 707065876311.88
359202020208.11, 971834782862.18, 988978016121.14, 654676995415.20, 866555564879.99, 819189030796.99, 256554185947.39, 587766251615.98
579545770180.76, 1543514557102.18, 1662281963976.27, 898450030444.77, 1279384551385.90, 1286832968785.18, 501760012548.58, 1013617227695.72

=====================================
Matrix Pair 5
Matrix A Size: 6,6
Matrix B Size: 6,6
Threads Used: 4
=====================================

Addition - 6,6
1138824.10, 636566.66, 768780.37, 1055929.26, 883079.49, 1222803.13
793424.82, 935446.75, 1124074.50, 635421.15, 1146344.45, 1054413.00
497822.23, 1043984.09, 729415.85, 1545316.74, 1060718.25, 541552.75
201594.61, 776317.26, 1182917.78, 926358.30, 998821.45, 1142422.04
827666.68, 1456164.56, 1147040.07, 1202359.55, 509383.66, 1325215.53
1569312.71, 1320597.90, 921177.92, 1005700.22, 1137828.63, 461597.03

Subtraction - 6,6
499568.66, -59665.70, 220154.19, 217150.48, 776404.71, 498916.41
239166.61, -479188.72, -567854.50, 544908.60, -127063.76, 89503.45
-234098.79, 285942.54, 657139.44, -399489.20, -890605.13, -251002.61
79038.29, 101668.22, -30024.88, 651296.61, 934483.80, 509996.96
-169503.95, 177573.51, -538737.48, -529182.68, -189485.43, -209525.59
-182431.57, -198503.48, 634909.49, 776625.57, 823572.96, 428482.96

Element-wise Multiplication - 6,6
261837869925.78, 100414279976.06, 135638847244.25, 266958070030.59, 44256278533.06, 311582476899.59
143080568955.20, 161359698161.57, 235271185565.38, 26708664470.01, 324490098097.04, 275943978975.11
48256182597.40, 252034908101.53, 25053809426.70, 557103055067.32, 82986430341.49, 57569269034.22
8598333779.11, 148083017249.22, 349598246079.11, 108488106162.74, 31096079607.39, 261257804673.61
164075136021.19, 522220721514.23, 256365714527.65, 291408543238.83, 55891744626.64, 428073807288.17
607365279017.01, 426143793714.93, 111364673887.88, 102071411689.75, 154095388989.33, 7368541544.92

Element-wise Division - 6,6
2.56, 0.83, 1.80, 1.52, 15.56, 2.38
1.86, 0.32, 0.33, 13.04, 0.80, 1.19
0.36, 1.75, 19.18, 0.59, 0.09, 0.37
2.29, 1.30, 0.95, 5.74, 30.05, 2.61
0.66, 1.28, 0.36, 0.39, 0.46, 0.73
0.79, 0.74, 5.44, 7.78, 6.24, 26.88

Transpose A - 6,6
819196.38, 516295.71, 131861.72, 140316.45, 329081.36, 693440.57
288450.48, 228129.01, 664963.32, 438992.74, 816869.04, 561047.21
494467.28, 278110.00, 693277.65, 576446.45, 304151.30, 778043.70
636539.87, 590164.87, 572913.77, 788827.46, 336588.43, 891162.89
829742.10, 509640.34, 85056.56, 966652.63, 159949.11, 980700.79
860859.77, 571958.23, 145275.07, 826209.50, 557844.97, 445039.99

Transpose B - 6,6
319627.72, 277129.10, 365960.51, 61278.16, 498585.32, 875872.14
348116.18, 707317.74, 379020.77, 337324.52, 639295.53, 759550.69
274313.09, 845964.50, 36138.20, 606471.33, 842888.78, 143134.21
419389.39, 45256.28, 972402.97, 137530.84, 865771.11, 114537.32
53337.39, 636704.10, 975661.69, 32168.83, 349434.54, 157127.83
361943.36, 482454.78, 396277.68, 316212.54, 767370.56, 16557.03

Matrix Multiplication - 6,6
1729437700792.71, 2075652580948.44, 1695246291808.03, 1741949100752.63, 1155466507438.25, 1483868185525.44
1121246575268.94, 1405819199996.11, 1214021108861.14, 1085196528561.41, 731071225359.17, 994310984775.66
684897036205.33, 1136988101048.83, 1063703396139.66, 928612661972.30, 1177800893993.55, 892109407527.47
1631413914323.08, 2089454500597.88, 1842135390283.43, 1679272501474.00, 1342387293598.31, 1495911096465.67
1031843741068.36, 1447129979624.71, 1211102257487.80, 719403987900.79, 988777345482.93, 872149533359.76
1595228580432.95, 2198730413491.56, 2123749837101.65, 2095383026337.90, 1594601370231.96, 1871713813158.69

=====================================
Matrix Pair 6
Matrix A Size: 7,3
Matrix B Size: 7,3
Threads Used: 4
=====================================

Addition - 7,3
480069.71, 869842.23, 603684.56
1326529.18, 869917.04, 851143.78
1757940.41, 1115409.22, 823350.53
619412.10, 1831245.99, 515827.41
657984.77, 1264151.73, 966871.30
804204.55, 1506811.67, 1516177.98
1058665.67, 961911.52, 1028129.34

Subtraction - 7,3
323570.86, 121984.55, -218776.49
-611725.75, -697187.76, -651913.40
-139180.14, -186324.21, -63312.87
50662.81, 119437.37, -125867.86
468307.20, 245104.45, -931670.95
-792623.96, -245199.21, 438279.57
-102754.28, -191796.01, -194737.61

Element-wise Multiplication - 7,3
31442205932.50, 185436319254.30, 79142975192.21
346367817720.11, 67671220510.05, 74863664926.19
767745844258.94, 302355256717.92, 168474395209.39
95276157719.57, 834799150744.29, 62558800498.56
53408079445.11, 384500852648.75, 16707338215.61
4623052019.39, 552589688528.26, 526676673591.27
277553638157.78, 222122013992.68, 254781798887.20

Element-wise Division - 7,3
5.14, 1.33, 0.47
0.37, 0.11, 0.13
0.85, 0.71, 0.86
1.18, 1.14, 0.61
5.94, 1.48, 0.02
0.01, 0.72, 1.81
0.82, 0.67, 0.68

Transpose A - 3,7
401820.29, 357401.71, 809380.13, 335037.46, 563145.99, 5790.29, 477955.70
495913.39, 86364.64, 464542.51, 975341.68, 754628.09, 630806.23, 385057.75
192454.04, 99615.19, 380018.83, 194979.78, 17600.18, 977228.78, 416695.86

Transpose B - 3,7
78249.42, 969127.46, 948560.28, 284374.65, 94838.78, 798414.26, 580709.97
373928.84, 783552.40, 650866.72, 855904.31, 509523.64, 876005.44, 576853.77
411230.53, 751528.59, 443331.70, 320847.64, 949271.12, 538949.21, 611433.47

Matrix multiplication cannot be done - A columns must equal B rows.

=====================================
Matrix Pair 7
Matrix A Size: 10,8
Matrix B Size: 8,10
Threads Used: 4
=====================================

Addition cannot be done - different size.

Subtraction cannot be done - different size.

Element-wise multiplication cannot be done - different size.

Element-wise division cannot be done - different size.

Transpose A - 8,10
902370.50, 34106.95, 886870.41, 397776.34, 980257.39, 986676.70, 403748.60, 741728.58, 372310.25, 735357.54
796023.07, 346154.34, 140619.80, 650794.89, 19784.56, 698937.10, 502078.86, 638221.58, 751461.15, 724695.26
87091.49, 742575.67, 918655.61, 920591.81, 719695.78, 888911.08, 341755.93, 806895.69, 301415.65, 580991.45
718388.90, 53396.18, 40673.63, 981011.73, 978255.70, 500630.78, 487881.80, 395588.28, 765796.53, 992296.33
762903.81, 435353.04, 729633.10, 354879.44, 464793.91, 393330.80, 243658.36, 191343.08, 293324.94, 525886.92
282190.37, 371695.05, 458429.72, 146703.97, 687006.57, 404155.26, 563043.92, 679625.92, 481634.37, 12283.23
740008.13, 358611.83, 669633.58, 289814.87, 712387.64, 201588.62, 997701.91, 481952.66, 768280.96, 713210.25
73145.60, 791687.48, 277742.98, 262879.41, 574500.93, 120092.00, 365233.97, 33941.34, 35613.67, 502174.36

Transpose B - 10,8
876885.90, 449797.96, 904754.83, 605900.99, 240876.11, 203059.46, 285037.05, 522363.40
46526.25, 423312.07, 128284.38, 61802.55, 434935.01, 197845.34, 768878.85, 768167.01
301000.08, 481295.22, 189734.33, 412715.52, 334007.83, 768901.41, 834552.92, 323628.22
267669.37, 468221.61, 743071.95, 387795.04, 357580.26, 952985.22, 237708.35, 382281.64
180091.90, 29813.31, 405608.61, 8719.02, 63887.26, 821460.89, 526274.01, 660401.93
986871.29, 579630.31, 327797.50, 343314.73, 939514.03, 736162.33, 352809.12, 30129.17
219390.57, 501263.31, 75765.85, 321745.33, 588583.05, 429410.13, 684423.11, 362871.71
177203.35, 61676.11, 877488.98, 519816.12, 742276.11, 662348.73, 901552.03, 397496.78
478950.51, 3941.03, 644957.30, 206644.59, 180806.89, 500963.27, 408701.62, 386426.82
486954.85, 455620.60, 706553.23, 608035.19, 809789.56, 185695.75, 737806.41, 234217.01

Matrix Multiplication - 10,10
2153599564019.63, 1447329096244.87, 2080790530524.48, 1703145967639.77, 946131128434.00, 2814886698566.80, 1937954368297.65, 2108275307273.30, 1249962649752.80, 2533746480910.57
1585917710873.07, 1393444721796.12, 1326499283952.35, 1641486409647.65, 1362829521488.30, 1329069446108.36, 1203013313393.84, 1914095826708.89, 1225078278497.30, 1603038903164.71
2301529781673.42, 1357412968448.05, 1770635401507.41, 1964762202647.55, 1495908868615.91, 2539431541473.80, 1533149637540.73, 2552423290124.26, 1768806658608.52, 2404835011332.55
2404034718965.18, 1080864948508.06, 1570776261339.52, 1911776191666.82, 942304026568.40, 1959919784242.23, 1364493038819.86, 2154745291442.64, 1347232571648.96, 2327169512729.51
2866963341745.21, 1533895804827.08, 2308807097099.89, 2395666781890.44, 1825926554402.65, 2761694529634.06, 1858876169780.82, 2985623463247.68, 2077256594455.70, 2753794126870.37
2584166093062.75, 985030059231.84, 1657892551137.22, 2065657202543.62, 1105971516485.50, 2583909060789.40, 1381849929443.52, 2047326360798.89, 1554466405493.33, 2301807336698.51
1832878638315.61, 1570358982723.72, 2094519861484.41, 1786786965939.57, 1474904515082.37, 1975406478137.93, 1723692727721.25, 2254460469935.65, 1391608440439.76, 2087004595982.15
2246410723381.74, 1046955672664.62, 1846469375426.45, 2093989164814.06, 1329904363631.04, 2353377304107.63, 1417694577472.84, 2124650771816.97, 1545080415190.54, 2107310247061.83
1807230650772.49, 1262358502962.11, 1967983966233.78, 1732570905294.36, 1060616546812.45, 2066978001207.68, 1645806941580.00, 2018423695440.91, 1156003695883.65, 2104429775460.23
2692455941974.61, 1642127115928.46, 2032729601476.72, 1913937306130.36, 1149013087889.01, 2446753857260.16, 1873044804193.04, 2441727344077.01, 1521604510384.91, 2774092038102.05

=====================================
Matrix Pair 8
Matrix A Size: 6,4
Matrix B Size: 6,4
Threads Used: 4
=====================================

Addition - 6,4
715964.10, 1570238.87, 1043070.03, 376187.01
1037408.74, 896931.65, 155974.56, 880232.96
1003109.60, 1608879.36, 998747.12, 890931.43
479408.24, 486749.88, 1489047.19, 518360.60
1443110.45, 991979.87, 536532.37, 812796.17
749309.23, 631951.01, 1349130.18, 1101143.67

Subtraction - 6,4
169585.14, -7211.49, 501079.90, 297239.38
-886353.74, 544634.29, 90879.33, 308819.21
376822.24, 258986.68, -459191.35, -773084.49
121831.27, 31107.10, -502716.19, -194156.89
72474.45, 21765.46, 30660.73, -21739.41
554173.23, 42865.64, 1084.38, -2220.39

Element-wise Multiplication - 6,4
120961369320.08, 616399523151.11, 209228504048.19, 13291354552.20
72648482700.49, 126964967653.36, 4017252535.75, 169860187707.34
216058466161.21, 630354670591.98, 196659777022.98, 49024795088.91
53747351820.59, 58989448860.81, 491134496159.67, 57750203147.76
519328809560.76, 245887583156.53, 71731724891.71, 165041251755.76
63589087619.87, 99381153804.82, 455037769831.33, 303128112658.45

Element-wise Division - 6,4
1.62, 0.99, 2.85, 8.53
0.08, 4.09, 3.79, 2.08
2.20, 1.38, 0.37, 0.07
1.68, 1.14, 0.50, 0.46
1.11, 1.04, 1.12, 0.95
6.68, 1.15, 1.00, 1.00

Transpose A - 4,6
442774.62, 75527.50, 689965.92, 300619.76, 757792.45, 651741.23
781513.69, 720782.97, 933933.02, 258928.49, 506872.67, 337408.33
772074.96, 123426.94, 269777.88, 493165.50, 283596.55, 675107.28
336713.20, 594526.08, 58923.47, 162101.86, 395528.38, 549461.64

Transpose B - 4,6
273189.48, 961881.24, 313143.68, 178788.49, 685318.00, 97568.00
788725.18, 176148.68, 674946.34, 227821.39, 485107.20, 294542.68
270995.06, 32547.62, 728969.23, 995881.69, 252935.82, 674022.90
39473.82, 285706.87, 832007.96, 356258.74, 417267.79, 551682.03

Matrix multiplication cannot be done - A columns must equal B rows.

=====================================
Matrix Pair 9
Matrix A Size: 12,12
Matrix B Size: 12,12
Threads Used: 4
=====================================

Addition - 12,12
1199026.63, 1008639.63, 1211547.76, 803787.49, 1135153.79, 1268906.19, 1047064.56, 699705.38, 729407.37, 1420826.65, 255957.36, 672984.11
533817.54, 738563.06, 1125342.77, 1233861.68, 987888.25, 942029.16, 1382809.80, 1298872.20, 918223.23, 901550.75, 841512.20, 443974.40
965541.64, 757709.74, 1551829.23, 1270294.23, 1066381.05, 900282.55, 624840.15, 922653.48, 766252.30, 917935.19, 918915.99, 447672.26
681190.69, 812929.80, 1238138.65, 658389.41, 986605.06, 708602.55, 585356.79, 185385.89, 1675285.20, 958990.38, 182607.77, 1625609.27
909281.79, 487270.59, 584780.37, 317724.97, 740631.40, 381259.83, 1009956.97, 1574666.18, 1648302.17, 1058363.86, 635014.20, 818671.81
755489.57, 657325.33, 1378294.44, 1474787.35, 441005.98, 577352.58, 1384994.88, 1573884.78, 1132220.52, 502903.48, 222862.32, 831556.82
568108.22, 1393328.32, 1376869.93, 1893996.58, 517773.16, 973127.23, 1396026.02, 1508291.43, 1292650.25, 669394.66, 1150016.54, 152973.20
1516523.91, 1009109.88, 1027483.89, 746834.49, 1335966.25, 1377691.68, 1789791.96, 900783.10, 1268868.51, 642647.22, 1060735.52, 1226918.73
222107.81, 1036754.88, 1325441.40, 941069.76, 563218.09, 227212.90, 1122369.93, 1140190.77, 1202729.17, 1009387.03, 777841.41, 1216689.13
1238211.86, 1232847.53, 861287.08, 1657928.34, 1261313.63, 411666.29, 1340343.70, 1625259.81, 690185.89, 899657.32, 266586.43, 1180809.18
464422.81, 944722.10, 1277124.79, 1216325.20, 1065663.76, 475099.26, 1098212.16, 954965.44, 1027469.65, 1335959.18, 199237.99, 1565569.26
1518658.15, 503890.93, 949877.16, 812946.45, 1392677.29, 819117.85, 136319.42, 1306993.72, 831521.96, 1879906.96, 1398928.16, 1537269.74

Subtraction - 12,12
555625.40, 57340.48, 338621.94, -719442.07, 217346.45, 362363.54, 459869.58, 160804.30, -403455.51, -214326.25, -78426.11, -237071.67
260680.01, -133696.21, 789701.68, -154725.37, -980920.40, -814137.02, -24983.24, 276770.03, -425395.67, -759999.06, -607347.05, 101764.82
255980.02, 269142.95, 29245.69, -701254.15, -45148.95, -67229.25, -407887.46, 97044.62, 300316.09, -456376.88, -652599.25, 398762.29
-644753.86, 253072.14, -449148.10, 271519.46, 157833.25, -137395.25, 202191.69, 104753.08, 154208.31, 332623.98, 48432.27, -268687.63
-742162.55, 295926.83, -394993.14, -143459.91, 337457.88, 194316.30, 217554.08, -40525.97, 289827.48, -222692.06, -171541.39, 475169.47
169896.44, -640792.02, 163645.20, 143976.15, -161713.56, -444518.56, -195368.75, 375620.97, 110493.22, -89317.92, 169677.64, -647643.52
514866.52, -452579.30, -173194.70, 4756.42, 90417.52, 39258.22, -117508.48, 192154.38, -367770.00, 218571.79, 109240.94, -45536.81
-40697.90, 343959.31, -636535.21, 331287.86, 434905.77, -617229.68, 182091.17, -348180.09, -271068.64, -53066.01, -151861.64, 174893.50
-43103.42, -715578.33, 601228.00, 715590.27, -392208.28, 171354.60, 80834.77, -456659.82, -618118.82, 388821.19, 55298.70, 64565.97
-634683.92, -684814.50, 425063.84, -118648.72, -723167.32, -209446.70, -411421.21, 300393.14, 185239.82, 158904.62, 240665.06, 519032.81
-409708.94, 166454.69, -172960.54, 556080.74, 611530.97, 217870.24, 209258.69, 336012.45, 350638.40, -658202.37, -11192.93, -285653.92
-369627.98, 364191.26, -125725.09, 736159.53, -411751.47, -201100.17, 40254.58, 489544.44, -278908.39, -26259.46, 573332.04, 210390.62

Element-wise Multiplication - 12,12
282236317376.05, 253516494686.44, 338295787168.32, 32119357935.72, 310333663758.72, 369703894972.52, 221216041573.69, 115932400064.33, 92314692199.01, 493203155569.46, 14840878390.86, 99176159442.97
54251774261.35, 131900180345.31, 160691902297.59, 374618678039.93, 3429593487.12, 56149960069.16, 477884695683.15, 402616837295.64, 165543103701.00, 58798794174.04, 84818085936.55, 46689298104.33
216686221692.98, 125421530963.76, 601829662651.24, 280472511844.55, 283782530948.23, 201497222624.72, 56013256460.75, 210467945333.66, 124238209101.89, 158581289039.93, 104630202460.41, 10349771870.74
12078304650.73, 149202335805.08, 332813326680.42, 89938450364.21, 237119552490.31, 120810031126.73, 75440273999.02, 5848679946.63, 695700072564.56, 202255960276.03, 7749978441.93, 642603114638.73
68997030941.09, 37464985478.10, 46487125564.70, 20092102902.74, 108664265008.87, 26900057791.99, 243170824384.53, 619482809159.98, 658225020291.65, 267635576141.32, 93454145182.59, 111109376666.20
135474923063.41, 5365545577.55, 468228954414.14, 538567151487.37, 42083750296.55, 33934812627.44, 470010464715.44, 584005542747.00, 317428636715.31, 61233554220.91, 5219277671.95, 68011154735.98
14414854488.73, 434133944836.68, 466443597459.06, 896800102414.85, 64978430725.33, 236358851334.45, 483770102062.40, 559504931151.52, 383922475341.66, 100078896415.54, 327651113822.34, 5331799995.36
574547113354.89, 224998686582.61, 162636516386.65, 112002528237.36, 398915693896.56, 379265469038.45, 792549516788.69, 172545203661.30, 384137271751.87, 102544860565.37, 275524473651.72, 368685457951.25
11868494007.32, 140702082011.37, 348829951969.34, 93385715435.25, 40846821371.40, 5565825758.83, 313294997184.80, 272874202556.21, 266121647351.04, 216920064173.59, 150494827335.15, 369040917615.68
282586234968.04, 262735532911.16, 140284040807.44, 683662217359.50, 266985273031.62, 31400304617.99, 406813457239.67, 637808351819.54, 110510691934.65, 196033154263.58, 3287163250.19, 281228815456.03
11956783175.53, 216198169780.24, 400283094308.11, 292555297967.53, 190417279960.37, 44562964956.84, 290570188485.29, 199763657603.58, 233186646130.88, 337889143688.20, 9892623772.21, 592352239988.27
542424430649.49, 30317699511.27, 221614955671.48, 29737770560.54, 442502690517.76, 157628194394.03, 4240638364.92, 367144702012.67, 153409719782.29, 883340150091.28, 407072589264.92, 579733510975.30

Element-wise Division - 12,12
2.73, 1.12, 1.78, 0.06, 1.47, 1.80, 2.57, 1.60, 0.29, 0.74, 0.53, 0.48
2.91, 0.69, 5.71, 0.78, 0.00, 0.07, 0.96, 1.54, 0.37, 0.09, 0.16, 1.59
1.72, 2.10, 1.04, 0.29, 0.92, 0.86, 0.21, 1.24, 2.29, 0.34, 0.17, 17.31
0.03, 1.90, 0.47, 2.40, 1.38, 0.68, 2.06, 3.60, 1.20, 2.06, 1.72, 0.72
0.10, 4.09, 0.19, 0.38, 2.67, 3.08, 1.55, 0.95, 1.43, 0.65, 0.57, 3.77
1.58, 0.01, 1.27, 1.22, 0.46, 0.13, 0.75, 1.63, 1.22, 0.70, 7.38, 0.12
20.34, 0.51, 0.78, 1.01, 1.42, 1.08, 0.84, 1.29, 0.56, 1.97, 1.21, 0.54
0.95, 2.03, 0.23, 2.59, 1.97, 0.38, 1.23, 0.44, 0.65, 0.85, 0.75, 1.33
0.67, 0.18, 2.66, 7.35, 0.18, 7.14, 1.16, 0.43, 0.32, 2.25, 1.15, 1.11
0.32, 0.29, 2.95, 0.87, 0.27, 0.33, 0.53, 1.45, 1.73, 1.43, 19.57, 2.57
0.06, 1.43, 0.76, 2.68, 3.69, 2.69, 1.47, 2.09, 2.04, 0.34, 0.89, 0.69
0.61, 6.21, 0.77, 20.17, 0.54, 0.61, 1.84, 2.20, 0.50, 0.97, 2.39, 1.32

Transpose A - 12,12
877326.01, 397248.78, 610760.83, 18218.42, 83559.62, 462693.01, 541487.37, 737913.01, 89502.20, 301763.97, 27356.94, 574515.08
532990.06, 302433.43, 513426.35, 533000.97, 391598.71, 8266.66, 470374.51, 676534.60, 160588.27, 274016.52, 555588.40, 434041.10
775084.85, 957522.23, 790537.46, 394495.28, 94893.62, 770969.82, 601837.61, 195474.34, 963334.70, 643175.46, 552082.12, 412076.04
42172.71, 539568.16, 284520.04, 464954.44, 87132.53, 809381.75, 949376.50, 539061.18, 828330.01, 769639.81, 886202.97, 774552.99
676250.12, 3483.93, 510616.05, 572219.16, 539044.64, 139646.21, 304095.34, 885436.01, 85504.91, 269073.15, 838597.36, 490462.91
815634.87, 63946.07, 416526.65, 285603.65, 287788.06, 66417.01, 506192.73, 380231.00, 199283.75, 101109.80, 346484.75, 309008.84
753467.07, 678913.28, 108476.34, 393774.24, 613755.52, 594813.06, 639258.77, 985941.57, 601602.35, 464461.25, 653735.43, 88287.00
430254.84, 787821.12, 509849.05, 145069.48, 767070.11, 974752.87, 850222.90, 276301.50, 341765.48, 962826.47, 645488.95, 898269.08
162975.93, 246413.78, 533284.19, 914746.75, 969064.83, 621356.87, 462440.13, 498899.93, 292305.18, 437712.85, 689054.03, 276306.79
603250.20, 70775.84, 230779.16, 645807.18, 417835.90, 206792.78, 443983.22, 294790.60, 699104.11, 529280.97, 338878.41, 926823.75
88765.62, 117082.58, 133158.37, 115520.02, 231736.40, 196269.98, 629628.74, 454436.94, 416570.05, 253625.75, 94022.53, 986130.10
217956.22, 272869.61, 423217.27, 678460.82, 646920.64, 91956.65, 53718.20, 700906.12, 640627.55, 849920.99, 639957.67, 873830.18

Transpose B - 12,12
321700.61, 136568.76, 354780.81, 662972.28, 825722.17, 292796.57, 26620.85, 778610.90, 132605.61, 936447.89, 437065.87, 944143.06
475649.58, 436129.64, 244283.39, 279928.83, 95671.88, 649058.67, 922953.81, 332575.29, 876166.60, 958831.01, 389133.70, 69849.84
436462.91, 167820.55, 761291.77, 843643.37, 489886.76, 607324.62, 775032.31, 832009.55, 362106.70, 218111.62, 725042.66, 537801.12
761614.78, 694293.52, 985774.19, 193434.98, 230592.44, 665405.60, 944620.08, 207773.32, 112739.75, 888288.53, 330122.23, 38393.46
458903.67, 984404.33, 555765.00, 414385.91, 201586.76, 301359.77, 213677.82, 450530.24, 477713.19, 992240.47, 227066.39, 902214.38
453271.32, 878083.09, 483755.90, 422998.90, 93471.76, 510935.57, 466934.51, 997460.68, 27929.15, 310556.50, 128614.51, 510109.01
293597.49, 703896.52, 516363.81, 191582.55, 396201.44, 790181.82, 756767.25, 803850.39, 520767.58, 875882.45, 444476.74, 48032.42
269450.54, 511051.08, 412804.43, 40316.40, 807596.08, 599131.90, 658068.52, 624481.60, 798425.30, 662433.34, 309476.50, 408724.64
566431.44, 671809.45, 232968.11, 760538.44, 679237.35, 510863.65, 830210.13, 769968.57, 910423.99, 252473.03, 338415.62, 555215.17
817576.45, 830774.91, 687156.03, 313183.20, 640527.96, 296110.70, 225411.44, 347856.61, 310282.92, 370376.35, 997080.78, 953083.21
167191.73, 724429.62, 785757.62, 67087.75, 403277.80, 26592.34, 520387.80, 606298.58, 361271.35, 12960.68, 105215.46, 412798.06
455027.89, 171104.79, 24454.98, 947148.45, 171751.17, 739600.17, 99255.01, 526012.61, 576061.58, 330888.19, 925611.59, 663439.56

Matrix Multiplication - 12,12
2641341706923.36, 3054473625737.47, 3238756485213.43, 3902159790066.63, 3005715226936.48, 2833889400637.09, 3532718789194.53, 3276060935080.50, 3352221931243.29, 3270305437566.06, 2258026303387.02, 2090054563563.64
1927361168858.05, 1984634615544.58, 2966797526326.64, 2548934886167.94, 2216455680836.91, 2456007303509.95, 2381756449405.28, 2049887787541.96, 2700232543982.40, 2330716390108.18, 2123044214294.71, 1751430582004.65
2423748645451.54, 2145974865599.25, 2773577541033.15, 2584594054115.66, 2720106678963.76, 2369779556306.92, 2586169651148.51, 2609319364129.73, 2957500732118.10, 2997497950674.98, 2081246062797.80, 2116892797581.68
2623535779578.94, 2632480290975.92, 2590373506703.20, 2327832172029.90, 3012016900017.41, 1978825189389.80, 2666264840134.66, 2913069778739.74, 3198748383387.96, 2749546179876.18, 1892630667527.04, 2272106273408.57
2546601217259.02, 2703104049792.31, 2758654272692.51, 2082610563455.20, 2698617944752.40, 2230257727070.76, 2892632688107.25, 3142638881363.55, 3437466510773.03, 2624880046405.43, 2034507823346.16, 2299899569767.58
2318293056736.66, 2393711807698.00, 3315708630459.67, 2437560702297.81, 2228313395903.48, 2383043162286.64, 2632691796446.70, 2363921317386.17, 3171331022531.40, 2303408899566.41, 1987817993223.47, 2311330882665.03
2962682417759.62, 3185532325024.59, 3983310206729.96, 3359794683142.84, 3025796760750.97, 3043987354896.50, 3582551342734.40, 3053637622105.42, 3911487935645.30, 3315807106797.07, 2213364759097.10, 3209813392145.45
3042933660339.71, 3123636565046.24, 3649292076373.39, 3269651763376.82, 3231255441238.52, 2785588071577.06, 3270232045473.18, 3431974567179.36, 4226524466491.68, 3851703122861.64, 2372221016676.02, 2913952654380.21
2833075631613.67, 2519530213495.92, 3316629032490.74, 2897212308610.06, 2943500077417.62, 2335242126028.64, 2697271406051.08, 2422274467912.67, 2874761182895.02, 2871793947570.20, 1926819184727.79, 2488184913900.27
3353737130824.64, 2524921132584.11, 3585834271397.92, 2606951903183.46, 3261021484563.08, 2910921702123.36, 2918087382531.49, 2828646189799.13, 3541413333934.04, 3194049082762.75, 2285155857552.20, 2828354512124.87
3235978650609.36, 2771361045218.32, 3673844485084.19, 2732116619828.34, 3201650942677.90, 2809733203313.00, 3201790647009.30, 3338379289787.02, 4077733283785.84, 3195480883159.52, 2506664641564.54, 2785761033850.20
4261603832956.97, 2983295860695.58, 4021622634011.30, 3097228421248.62, 3920382903127.75, 3177582440936.48, 3498714476679.38, 3275148241919.34, 3862471982837.93, 4339154850498.63, 2159119650069.28, 3831776956268.89

=====================================
Matrix Pair 10
Matrix A Size: 5,7
Matrix B Size: 7,2
Threads Used: 4
=====================================

Addition cannot be done - different size.

Subtraction cannot be done - different size.

Element-wise multiplication cannot be done - different size.

Element-wise division cannot be done - different size.

Transpose A - 7,5
845165.10, 122407.59, 707991.43, 986088.88, 354076.66
312069.46, 722955.82, 108638.41, 221558.56, 540049.08
756432.88, 372632.47, 564060.31, 106145.29, 494235.41
167600.21, 954533.05, 51551.40, 16295.07, 190684.48
838745.65, 550070.23, 700170.43, 698601.60, 547095.75
823387.59, 932091.99, 696455.77, 779658.06, 219599.05
667719.59, 175609.68, 862093.39, 941229.07, 946827.38

Transpose B - 2,7
24227.25, 650534.88, 271381.82, 925358.73, 665753.50, 972054.24, 274609.14
453606.75, 172597.41, 936378.04, 813644.37, 964898.74, 20449.68, 62833.79

Matrix Multiplication - 5,2
2125997697253.63, 2150007067008.86
2778163918144.66, 1866737801057.55
1668477439614.10, 1654023056767.33
1693342970493.51, 1347352056941.82
1508177679922.95, 1463638661493.73

=====================================
Matrix Pair 11
Matrix A Size: 4,4
Matrix B Size: 4,4
Threads Used: 4
=====================================

Addition - 4,4
562133.04, 1001299.25, 297217.66, 994816.46
1146320.48, 1029770.75, 755608.41, 962592.15
634504.60, 1347454.52, 1335297.84, 1239011.16
993821.43, 1738386.30, 1136994.79, 379454.84

Subtraction - 4,4
-227890.70, 289984.05, 36714.96, -368545.03
-191439.43, 214287.41, 447669.21, 828591.37
-188441.38, -548564.52, -6448.20, -608801.60
-605409.77, -261518.17, 600555.84, 377066.85

Element-wise Multiplication - 4,4
66014844828.59, 229627360833.35, 21747587859.53, 213458587758.27
319350396125.54, 253627173631.52, 92634086527.78, 60004995199.53
91771482029.97, 378677665261.88, 445744684551.97, 291127317757.48
155290010614.97, 738398789108.97, 233022455869.32, 451641472.26

Element-wise Division - 4,4
0.42, 1.82, 1.28, 0.46
0.71, 1.53, 3.91, 13.37
0.54, 0.42, 0.99, 0.34
0.24, 0.74, 3.24, 316.80

Transpose A - 4,4
167121.17, 477440.52, 223031.61, 194205.83
645641.65, 622029.08, 399445.00, 738434.06
166966.31, 601638.81, 664424.82, 868775.31
313135.71, 895591.76, 315104.78, 378260.84

Transpose B - 4,4
395011.87, 668879.96, 411472.99, 799615.60
355657.60, 407741.67, 948009.52, 999952.24
130251.35, 153969.60, 670873.02, 268219.47
681680.75, 67000.39, 923906.38, 1193.99

Matrix Multiplication - 4,4
816961936096.85, 794099330774.68, 317179235114.51, 311816648176.99
1568344716219.61, 1889340828606.87, 801799237160.56, 924065471497.27
880636451186.18, 1187164042070.94, 620814477274.66, 793041883587.21
1230578195249.98, 1572011160902.58, 823286810364.37, 984980439358.21

=====================================
Matrix Pair 12
Matrix A Size: 6,6
Matrix B Size: 3,3
Threads Used: 4
=====================================

Addition cannot be done - different size.

Subtraction cannot be done - different size.

Element-wise multiplication cannot be done - different size.

Element-wise division cannot be done - different size.

Transpose A - 6,6
30263.44, 136156.93, 34787.12, 572138.18, 286345.53, 93450.36
597247.12, 69889.91, 366409.78, 901505.82, 783834.89, 487342.72
735750.93, 930591.78, 335757.06, 68377.43, 981613.24, 266505.78
821937.05, 30874.37, 704039.53, 909135.94, 171852.75, 125866.31
518402.14, 376289.15, 206406.59, 659477.09, 680826.81, 135208.77
376081.49, 932283.73, 269417.25, 377398.11, 844832.20, 183245.79

Transpose B - 3,3
820684.78, 747746.38, 329221.24
728599.56, 630930.75, 215878.90
951205.82, 132340.47, 974670.15

Matrix multiplication cannot be done - A columns must equal B rows.

=====================================
Matrix Pair 13
Matrix A Size: 4,5
Matrix B Size: 5,4
Threads Used: 4
=====================================

Addition cannot be done - different size.

Subtraction cannot be done - different size.

Element-wise multiplication cannot be done - different size.

Element-wise division cannot be done - different size.

Transpose A - 5,4
300971.77, 679238.79, 655028.04, 920174.96
823901.17, 904281.80, 825248.57, 426992.55
885454.49, 414139.68, 947999.53, 653724.40
804733.71, 700155.63, 452300.85, 627397.27
162703.90, 704055.05, 343497.40, 90614.15

Transpose B - 4,5
876362.66, 263255.85, 259094.26, 86449.62, 265131.52
383282.06, 890045.72, 994839.14, 541091.11, 611171.79
737575.23, 902818.33, 863231.23, 737398.54, 740856.84
571154.29, 205637.45, 796120.15, 8252.29, 827350.45

Matrix Multiplication - 4,4
822780261555.39, 2264425858513.49, 2444124118303.45, 1187508460829.36
1187813575894.98, 2286341116640.52, 2712787919531.37, 1491887442566.51
1167088095305.73, 2383348381207.48, 2634533173390.50, 1586470868968.26
1166454433798.66, 1777939966977.28, 2158284220050.48, 1213957837983.94

=====================================
Matrix Pair 14
Matrix A Size: 7,3
Matrix B Size: 7,3
Threads Used: 4
=====================================

Addition - 7,3
399531.81, 1215625.11, 879149.32
781373.58, 927902.82, 738579.14
1312344.44, 1007927.37, 211222.24
672050.21, 785781.39, 1136234.63
509672.64, 230004.25, 582389.76
770610.87, 668250.10, 968193.88
1533070.10, 722312.22, 1582332.15

Subtraction - 7,3
64090.40, 692293.98, 49801.10
-637723.35, 316314.57, -364032.41
-552651.71, -770536.05, 39846.02
-521211.68, 94784.04, -330888.12
-189499.81, -117102.61, 134318.78
321693.35, 642719.21, 748478.86
235261.94, -478999.87, -25331.63

Element-wise Multiplication - 7,3
38879521937.86, 249618361795.90, 192605843788.06
50963399027.52, 190237183520.35, 103244888394.35
354206000965.74, 105547945884.52, 10756782524.46
44997466681.00, 152117096533.46, 295385548967.29
55964006563.17, 9797233877.32, 80284074625.06
122588623291.49, 8367552797.01, 94294695355.17
573738940210.18, 73073516581.79, 625783335709.34

Element-wise Division - 7,3
1.38, 3.65, 1.12
0.10, 2.03, 0.34
0.41, 0.13, 1.47
0.13, 1.27, 0.55
0.46, 0.33, 1.60
2.43, 51.35, 7.81
1.36, 0.20, 0.97

Transpose A - 3,7
231811.10, 71825.11, 379846.36, 75419.26, 160086.42, 546152.11, 884166.02
953959.54, 622108.69, 118695.66, 440282.72, 56450.82, 655484.65, 121656.17
464475.21, 187273.37, 125534.13, 402673.26, 358354.27, 858336.37, 778500.26

Transpose B - 3,7
167720.71, 709548.46, 932498.07, 596630.94, 349586.23, 224458.76, 648904.08
261665.56, 305794.13, 889231.71, 345498.68, 173553.43, 12765.44, 600656.05
414674.11, 551305.78, 85688.11, 733561.38, 224035.49, 109857.51, 803831.89

Matrix multiplication cannot be done - A columns must equal B rows.

=====================================
Matrix Pair 15
Matrix A Size: 6,8
Matrix B Size: 8,6
Threads Used: 4
=====================================

Addition cannot be done - different size.

Subtraction cannot be done - different size.

Element-wise multiplication cannot be done - different size.

Element-wise division cannot be done - different size.

Transpose A - 8,6
85289.81, 639301.58, 797310.42, 903217.55, 139845.56, 482805.52
292990.07, 399059.93, 740041.27, 452372.51, 252867.82, 693921.10
559695.07, 944814.53, 202486.55, 221612.56, 791531.64, 179798.00
956656.70, 484843.95, 884812.25, 376234.30, 688993.11, 244279.19
559032.22, 685817.24, 891021.53, 877396.63, 797420.90, 251145.78
686947.04, 672393.75, 266076.02, 812959.61, 154144.00, 317323.78
647745.51, 647860.89, 494779.08, 848102.10, 349930.93, 893398.02
311922.45, 905286.63, 763730.07, 587717.85, 710957.11, 827782.05

Transpose B - 6,8
626610.08, 144929.68, 355389.39, 913617.45, 889166.08, 388012.18, 959625.14, 350807.71
332906.20, 121773.24, 720698.42, 109793.50, 922886.08, 391906.96, 997769.90, 566461.37
282290.54, 639215.43, 379848.01, 227034.17, 475246.37, 873552.49, 705188.60, 504188.92
24145.15, 592420.59, 120867.89, 595760.91, 108068.51, 414490.26, 729520.79, 365984.91
300929.64, 890231.96, 748096.28, 600078.73, 982247.12, 896774.16, 273682.23, 601908.69
99139.60, 188441.00, 991646.52, 939571.16, 773796.08, 968518.92, 960138.93, 711048.03

Matrix Multiplication - 6,6
2663468341249.37, 2180613274254.25, 2120966025723.90, 1745069865046.79, 2809439902332.13, 3459149326788.54
3047154911783.67, 3051254313445.88, 2731119111667.15, 1811661292109.77, 3544232727282.66, 3978694289861.79
3125429872013.59, 2451512842778.75, 2365778639790.60, 1856320118890.54, 3290100607355.42, 3215912357086.05
3169645997752.05, 2864269357812.98, 2735265603087.58, 1806321390696.65, 3242803562131.61, 3446534677180.77
2389115881121.75, 2271669601629.23, 1777049050569.39, 1324875337587.33, 2717984550061.36, 3101632053749.56
2184331921489.92, 2118082927028.17, 2147539879547.51, 1703391073342.21, 2318145546954.36, 2534490796870.12

=====================================
Matrix Pair 16
Matrix A Size: 6,4
Matrix B Size: 6,4
Threads Used: 4
=====================================

Addition - 6,4
1631367.65, 360536.99, 700634.66, 1261398.07
598388.25, 1510622.75, 682461.37, 1879331.40
1112628.70, 855914.33, 1271709.07, 1183071.63
1294685.28, 1154918.90, 935937.38, 1543174.11
1796857.03, 880492.47, 1010668.18, 489991.18
1791196.93, 758872.82, 695437.76, 1051114.46

Subtraction - 6,4
259158.24, 353352.87, 571901.07, 367800.92
30808.73, 195273.36, -49399.41, -66907.23
127457.08, 179719.70, 380421.24, 6277.34
-52479.48, -408806.29, 415912.66, 175245.15
59653.01, -28227.92, 579149.10, -178084.66
114089.69, 443420.52, 437943.23, 321973.57

Element-wise Multiplication - 6,4
648549350675.05, 1282167946.67, 40954522249.66, 363961896170.49
89279829489.16, 560962350589.05, 115828305960.60, 881852484028.34
305424329734.36, 175072542761.70, 368130908078.59, 349904769981.04
418363969707.32, 291678769194.11, 175748856577.07, 587668868156.57
806284176198.57, 193617544954.81, 171509122536.24, 52094303027.87
798842499048.74, 94816548116.41, 72959850727.49, 250293656924.34

Element-wise Division - 6,4
1.38, 99.37, 9.89, 1.82
1.11, 1.30, 0.87, 0.93
1.26, 1.53, 1.85, 1.01
0.92, 0.48, 2.60, 1.26
1.07, 0.94, 3.68, 0.47
1.14, 3.81, 4.40, 1.88

Transpose A - 4,6
945262.94, 314598.49, 620042.89, 621102.90, 928255.02, 952643.31
356944.93, 852948.05, 517817.01, 373056.30, 426132.28, 601146.67
636267.87, 316530.98, 826065.16, 675925.02, 794908.64, 566690.49
814599.50, 906212.09, 594674.48, 859209.63, 155953.26, 686544.01

Transpose B - 4,6
686104.70, 283789.76, 492585.81, 673582.38, 868602.01, 838553.62
3592.06, 657674.69, 338097.32, 781862.59, 454360.20, 157726.15
64366.79, 365930.39, 445643.91, 260012.36, 215759.54, 128747.26
446798.58, 973119.32, 588397.15, 683964.48, 334037.92, 364570.45

Matrix multiplication cannot be done - A columns must equal B rows.

=====================================
Matrix Pair 17
Matrix A Size: 5,5
Matrix B Size: 5,5
Threads Used: 4
=====================================

Addition - 5,5
1531333.73, 1204879.26, 1587003.45, 909323.46, 228170.32
455064.49, 1294604.70, 780976.18, 1415783.73, 692350.97
1201006.53, 692214.29, 1023242.70, 1163085.58, 618184.19
1204094.99, 1085854.17, 594066.12, 1853791.39, 845692.85
1052499.90, 667525.37, 769562.48, 1442462.68, 914839.15

Subtraction - 5,5
-448031.13, 261630.37, 179804.01, 244792.09, -139440.14
-37355.17, 321314.65, -28229.44, -58031.62, 128857.01
399819.83, 357281.93, 535824.01, 172297.80, 33605.00
-51491.27, 534159.74, 345317.74, -116207.21, 295923.26
258497.85, 38747.71, 697505.40, -43873.66, -253621.15

Element-wise Multiplication - 5,5
536062775125.21, 345820897407.11, 621562615352.24, 191736497654.00, 8154535517.89
51422070320.67, 393189557352.18, 152281722509.16, 500268973981.91, 115686434908.64
320640195434.21, 87877561787.37, 189979563435.94, 330770384592.76, 95255598328.46
361798351134.39, 223438164145.24, 58417553539.62, 855759601717.45, 156906456569.60
260233726151.03, 111022184465.67, 26428158190.24, 519693419357.26, 193151745229.13

Element-wise Division - 5,5
0.55, 1.55, 1.26, 1.74, 0.24
0.85, 1.66, 0.93, 0.92, 1.46
2.00, 3.13, 3.20, 1.35, 1.11
0.92, 2.94, 3.78, 0.88, 2.08
1.65, 1.12, 20.36, 0.94, 0.57

Transpose A - 5,5
541651.30, 208854.66, 800413.18, 576301.86, 655498.88
733254.82, 807959.68, 524748.11, 810006.96, 353136.54
883403.73, 376373.37, 779533.35, 469691.93, 733533.94
577057.78, 678876.06, 667691.69, 868792.09, 699294.51
44365.09, 410603.99, 325894.59, 570808.05, 330609.00

Transpose B - 5,5
989682.43, 246209.83, 400593.35, 627793.13, 397001.02
471624.45, 486645.03, 167466.18, 275847.22, 314388.83
703599.72, 404602.81, 243709.35, 124374.19, 36028.54
332265.69, 736907.67, 495393.89, 984999.30, 743168.17
183805.23, 281746.98, 292289.60, 274884.80, 584230.15

Matrix Multiplication - 5,5
1450368871556.00, 933358720702.06, 966445909362.63, 1759318281220.81, 748904224729.93
1145604000032.18, 871075708409.58, 664806665098.78, 1825080244886.80, 802538736927.25
1782181624610.65, 1050044466026.30, 1060249732292.34, 1938687139962.77, 896751554275.74
1729976057509.87, 1163750972323.52, 976305927491.74, 2301034167272.43, 1043731389175.97
1599794629809.09, 900681782941.98, 881743489167.81, 1775919731436.37, 819760790108.10

=====================================
Matrix Pair 18
Matrix A Size: 3,3
Matrix B Size: 3,3
Threads Used: 3
=====================================

Addition - 3,3
1170938.46, 1028647.08, 1160650.89
993773.74, 640431.08, 899206.70
905395.76, 1281035.88, 1799626.18

Subtraction - 3,3
-87492.23, 682047.35, 190046.05
-107424.48, -155690.15, 481541.07
-729116.43, 159184.44, 71943.47

Element-wise Multiplication - 3,3
340860499559.28, 148231557348.95, 327748247392.93
244011557781.85, 96478136167.86, 144172719251.83
72032679472.90, 403928306878.96, 808369629344.14

Element-wise Division - 3,3
0.86, 4.94, 1.39
0.80, 0.61, 3.31
0.11, 1.28, 1.08

Transpose A - 3,3
541723.12, 443174.63, 88139.67
855347.22, 242370.46, 720110.16
675348.47, 690373.88, 935784.82

Transpose B - 3,3
629215.35, 550599.11, 817256.09
173299.87, 398060.62, 560925.72
485302.42, 208832.81, 863841.35

Matrix Multiplication - 3,3
1363746568831.99, 813180908822.85, 1024918043667.87
976513503916.05, 560528706102.36, 862062137833.29
1216726690846.65, 826827857886.90, 1001526651750.76

=====================================
Matrix Pair 19
Matrix A Size: 9,5
Matrix B Size: 5,9
Threads Used: 4
=====================================

Addition cannot be done - different size.

Subtraction cannot be done - different size.

Element-wise multiplication cannot be done - different size.

Element-wise division cannot be done - different size.

Transpose A - 5,9
252975.39, 624041.92, 778444.81, 857141.70, 696750.50, 775805.91, 890306.66, 571567.21, 560269.60
486295.34, 356914.81, 691043.91, 913806.79, 746806.69, 325471.95, 711743.07, 622755.76, 456607.01
927852.19, 741106.76, 1407.21, 820892.67, 322492.27, 552957.59, 584245.05, 837065.55, 65168.92
570857.23, 297265.00, 340209.78, 81108.95, 361555.86, 841357.44, 444505.41, 771955.42, 9493.24
443461.47, 249618.72, 131483.27, 128454.79, 471499.83, 881232.17, 427387.18, 235844.88, 619033.85

Transpose B - 9,5
316844.82, 485107.70, 190397.03, 811935.35, 670377.28
711928.15, 994583.68, 14039.20, 481895.43, 411506.24
492875.69, 360887.26, 428089.20, 677085.51, 512618.29
688202.78, 121511.48, 238943.54, 270104.59, 178013.29
440795.75, 551687.50, 853161.93, 765106.40, 739157.97
660776.30, 323326.65, 493357.00, 305643.44, 609973.46
684993.95, 663933.82, 462795.35, 691290.82, 583368.51
347059.65, 47542.82, 644185.29, 411246.90, 422692.33
115351.25, 26679.83, 170972.57, 612526.09, 804015.18

Matrix Multiplication - 9,9
1253505514468.10, 1134368669327.18, 1311232331417.65, 688026315562.22, 1935956302163.86, 1227133251899.24, 1578890033039.57, 1130837167289.87, 907007273720.17
920669783196.07, 1055629510116.42, 1082873846348.66, 774647394572.46, 1516211562809.85, 1136500279300.79, 1358529782446.92, 938719811620.80, 590995180705.46
946516599356.38, 1459569250388.98, 931419722305.79, 735331885828.81, 1083059616909.69, 922689237943.11, 1304575756581.32, 499414653234.68, 422574024821.13
1023139543629.22, 1622551285994.06, 1224426791557.47, 941846880534.44, 1739319933214.56, 1369974583080.77, 1704755773513.79, 957383890887.60, 416563654132.51
1254087792766.99, 1611582819774.92, 1237483536240.84, 828899796386.38, 1619408266651.51, 1259072099693.43, 1647346424613.80, 833052151934.99, 755988469569.38
1782866386878.05, 1651869086971.34, 1757956383029.41, 1089711544171.81, 2288390861812.78, 1685357023848.09, 2099126164395.64, 1359427650669.46, 1416591725510.95
1386019934202.59, 1740002374392.88, 1465833170264.00, 1034941600142.59, 1939559354828.58, 1503215421825.10, 1909397596846.82, 1082644612568.60, 837473992020.71
1427459456745.30, 1507102660051.42, 1508373147970.86, 919529744658.13, 2074618076204.81, 1371805968393.95, 1863608900564.55, 1184354891532.35, 888126953240.34
834124188172.39, 1113231535702.86, 792580833851.79, 569394195688.27, 1019295616792.93, 930493389481.44, 1084785436049.37, 523701141992.34, 591479565267.71

=====================================
Matrix Pair 20
Matrix A Size: 3,6
Matrix B Size: 3,6
Threads Used: 4
=====================================

Addition - 3,6
705492.14, 1626314.50, 580235.27, 1044941.97, 939127.68, 1423847.46
1211661.96, 1212134.82, 576509.02, 1694301.57, 1205564.94, 376229.67
975498.23, 1407950.22, 1263844.02, 680053.35, 1668556.48, 1033806.05

Subtraction - 3,6
118714.17, 364955.42, -417632.86, -274047.02, -878176.94, -59508.88
-164565.92, -78993.26, 158289.56, 242086.01, -2775.27, -102865.15
180894.24, 403996.09, 333991.93, 602518.84, 149172.00, -348141.09

Element-wise Multiplication - 3,6
120906524979.32, 627926595081.75, 40563941213.99, 254200486031.75, 27691511834.70, 505950066991.79
360260694017.84, 365757719032.84, 76826765447.99, 703013040460.94, 363344778113.52, 32741881718.71
229718519375.92, 454777743821.72, 371437771596.15, 24860901098.52, 690457106476.80, 236888183261.34

Element-wise Division - 3,6
1.40, 1.58, 0.16, 0.58, 0.03, 0.92
0.76, 0.88, 1.76, 1.33, 1.00, 0.57
1.46, 1.80, 1.72, 16.54, 1.20, 0.50

Transpose A - 6,3
412103.15, 523548.02, 578196.24
995634.96, 566570.78, 905973.15
81301.21, 367399.29, 798917.97
385447.47, 968193.79, 641286.09
30475.37, 601394.84, 908864.24
682169.29, 136682.26, 342832.48

Transpose B - 6,3
293388.99, 688113.94, 397301.99
630679.54, 645564.04, 501977.07
498934.07, 209109.73, 464926.04
659494.49, 726107.78, 38767.25
908652.31, 604170.10, 759692.24
741678.17, 239547.41, 690973.57

Matrix multiplication cannot be done - A columns must equal B rows.

=====================================
Matrix Pair 21
Matrix A Size: 4,4
Matrix B Size: 4,4
Threads Used: 4
=====================================

Addition - 4,4
1945059.13, 1705814.74, 1241713.19, 1031762.29
161010.05, 130197.55, 697389.64, 492058.02
1606862.93, 1463070.46, 215554.28, 1010899.06
1153213.43, 1509956.27, 927141.94, 842126.86

Subtraction - 4,4
51256.17, 156242.09, 621430.99, -869492.87
65866.89, 113041.53, 510273.01, -428917.87
5432.62, 359880.98, -201098.62, -658462.91
462955.29, 265916.37, 564489.22, 460870.45

Element-wise Multiplication - 4,4
945156958115.97, 721348082997.52, 288918791937.37, 77128892952.77
5396447565.56, 1043253858.55, 56493439952.27, 14537639360.62
645494742927.56, 502765213990.16, 1505747402.21, 147085876134.30
278893401907.05, 552314108451.71, 135236026198.87, 124194020261.27

Element-wise Division - 4,4
1.05, 1.20, 3.00, 0.09
2.38, 14.18, 6.45, 0.07
1.01, 1.65, 0.03, 0.21
2.34, 1.43, 4.11, 3.42

Transpose A - 4,4
998157.65, 113438.47, 806147.78, 808084.36
931028.41, 121619.54, 911475.72, 887936.32
931572.09, 603831.33, 7227.83, 745815.58
81134.71, 31570.08, 176218.07, 651498.66

Transpose B - 4,4
946901.48, 47571.58, 800715.16, 345129.07
774786.32, 8578.01, 551594.74, 622019.95
310141.10, 93558.31, 208326.45, 181326.36
950627.58, 460487.94, 834680.98, 190628.21

Matrix Multiplication - 4,4
1763373288618.44, 1345662943884.04, 605458126272.70, 2170635626612.38
607593333921.68, 441641230155.85, 178078973728.02, 673866743359.94
873308276389.99, 746008912202.24, 368754418687.29, 1225694957971.76
1629453777801.14, 1450342557876.62, 607200989679.84, 1923783357047.12

=====================================
Matrix Pair 22
Matrix A Size: 6,2
Matrix B Size: 2,6
Threads Used: 4
=====================================

Addition cannot be done - different size.

Subtraction cannot be done - different size.

Element-wise multiplication cannot be done - different size.

Element-wise division cannot be done - different size.

Transpose A - 2,6
855703.17, 458482.49, 858700.88, 532122.40, 914328.49, 283126.44
221782.36, 404310.99, 778969.93, 195621.26, 136038.71, 308336.96

Transpose B - 6,2
90824.96, 303306.27
206286.44, 902237.91
28932.17, 897129.65
320991.75, 310042.91
674359.07, 307082.19
386057.10, 649039.80

Matrix Multiplication - 6,6
144987185668.41, 376620417232.03, 223724882349.66, 343435703727.30, 645156608043.91, 474295868217.15
164271712916.09, 459363425579.84, 375984271714.65, 272522851619.45, 433338529914.74, 439414348120.54
314257936981.91, 879954548105.60, 723681096145.67, 517150000644.52, 818280522969.38, 837090064148.44
107663148566.64, 286266550255.97, 190893085613.92, 231457881293.36, 418913369091.25, 332395613649.20
124305239690.54, 311352851001.13, 148497866242.16, 335669735244.65, 658360774812.71, 441277545191.26
119235480532.03, 336598437675.67, 284809687552.75, 186478939629.83, 285613674462.76, 309425932557.39

=====================================
Matrix Pair 23
Matrix A Size: 8,4
Matrix B Size: 4,8
Threads Used: 4
=====================================

Addition cannot be done - different size.

Subtraction cannot be done - different size.

Element-wise multiplication cannot be done - different size.

Element-wise division cannot be done - different size.

Transpose A - 4,8
680054.29, 256245.11, 699765.81, 576745.58, 473154.47, 220442.52, 882363.36, 715058.98
407669.54, 763557.02, 602970.50, 605729.98, 810746.81, 606158.01, 43972.92, 576798.41
113314.31, 699807.87, 819590.16, 233933.44, 501835.64, 793341.37, 356331.86, 222716.72
91208.82, 901171.18, 124424.98, 273383.41, 550964.43, 216824.09, 284527.15, 973810.42

Transpose B - 8,4
532502.09, 533977.76, 855165.88, 344606.75
112160.78, 452764.16, 589962.22, 396680.65
926821.67, 216882.85, 344385.58, 679743.00
429754.09, 424598.77, 69593.53, 938862.08
931327.46, 316286.34, 366736.13, 15091.44
15599.72, 539078.78, 696034.97, 720001.11
8844.38, 319389.15, 866367.07, 643131.57
163627.11, 608839.01, 370507.68, 187309.64

Matrix Multiplication - 8,8
708150495030.78, 363885509368.13, 819727948450.82, 558870535953.88, 805226459165.02, 374915818688.32, 293050936547.92, 418548544384.10
1453174996267.18, 1144789273497.40, 1256664479259.79, 1329105302081.13, 750395556803.42, 1551549727064.63, 1432000279289.56, 934894183831.32
1438362818287.31, 884373923247.45, 1146164117162.57, 730603816476.96, 1144873519030.37, 996014282334.92, 988858785192.90, 808583067455.71
924826222014.08, 585398858611.90, 932306503596.26, 778000540967.43, 818640705973.55, 695195452630.20, 577058265028.50, 601044733994.16
1303895286248.68, 934767471300.71, 1161706069014.36, 1099786291729.19, 889446001557.37, 1190427629262.60, 1052244982900.92, 860170092296.44
1194218512126.63, 853222981008.41, 756376163650.30, 610889356411.59, 691242802197.82, 1038512676211.41, 1022321220238.77, 739675328526.90
896113717843.33, 441964677363.25, 1143451353682.81, 689800258941.90, 970650951757.17, 490348784771.47, 513551008640.73, 356469366624.36
1214809291419.66, 859041416796.91, 1526471076704.83, 1481980731465.97, 944761984221.20, 1178257695458.99, 1009790049554.25, 733102736479.25

=====================================
Matrix Pair 24
Matrix A Size: 6,6
Matrix B Size: 6,6
Threads Used: 4
=====================================

Addition - 6,6
1361215.47, 1161474.75, 1409557.62, 1130062.74, 1771611.47, 1674662.85
842738.38, 1923239.54, 797547.97, 1301687.80, 1395807.08, 854965.56
1016529.10, 896249.22, 1302286.67, 984697.47, 1614545.92, 1305764.44
1159919.32, 1233383.37, 1100367.80, 1126320.51, 1427155.80, 1003582.75
1330990.94, 423855.64, 573752.41, 1893559.67, 484695.30, 1190250.97
1904172.73, 478757.17, 174119.13, 1495174.89, 916372.58, 1487012.24

Subtraction - 6,6
481880.36, 68216.75, -182728.45, -315769.40, -31700.32, 184577.34
-703292.46, 18453.12, -398749.85, -618985.60, -340853.27, -356408.34
-62724.33, -128184.08, -110987.70, 348678.34, 301047.07, -282302.03
235476.71, -736487.37, 379.69, -22592.04, -150406.31, 799293.11
25176.58, 73338.46, 347966.72, -82877.73, -265411.02, 453503.98
-41940.41, 2304.99, 8388.02, -134475.20, 753804.81, 84673.21

Element-wise Multiplication - 6,6
405174721749.77, 336092520316.82, 488365748648.55, 294332870282.60, 784400574828.96, 692606718841.83
53896922518.98, 924627450116.71, 119270329248.53, 327811986980.61, 458024110726.46, 150984799779.58
257349267980.98, 196707876253.80, 420908072736.64, 212013128875.64, 629032300867.47, 406331585259.47
322490887812.71, 244705225609.53, 302702286383.93, 317021874396.02, 503537908508.71, 92077215631.23
442725753396.45, 43568769426.98, 52027746767.67, 894674875314.76, 41121631427.72, 302757877554.74
906028695307.17, 57300778046.02, 7561777903.60, 554366092947.48, 67879251312.53, 551008965525.12

Element-wise Division - 6,6
2.10, 1.12, 0.77, 0.56, 0.96, 1.25
0.09, 1.02, 0.33, 0.36, 0.61, 0.41
0.88, 0.75, 0.84, 2.10, 1.46, 0.64
1.51, 0.25, 1.00, 0.96, 0.81, 8.83
1.04, 1.42, 4.08, 0.92, 0.29, 2.23
0.96, 1.01, 1.10, 0.83, 10.27, 1.12

Transpose A - 6,6
921547.91, 69722.96, 476902.39, 697698.01, 678083.76, 931116.16
614845.75, 970846.33, 384032.57, 248448.00, 248597.05, 240531.08
613414.58, 199399.06, 595649.48, 550373.74, 460859.56, 91253.57
407146.67, 341351.10, 666687.90, 551864.24, 905340.97, 680349.85
869955.58, 527476.90, 957796.50, 638374.75, 109642.14, 835088.70
929620.10, 249278.61, 511731.21, 901437.93, 821877.48, 785842.73

Transpose B - 6,6
439667.56, 773015.42, 539626.71, 462221.31, 652907.18, 973056.57
546629.00, 952393.21, 512216.65, 984935.37, 175258.59, 238226.09
796143.03, 598148.91, 706637.19, 549994.06, 112892.84, 82865.55
722916.07, 960336.70, 318009.56, 574456.28, 988218.70, 814825.04
901655.90, 868330.17, 656749.43, 788781.06, 375053.16, 81283.88
745042.75, 605686.95, 794033.24, 102144.82, 368373.49, 701169.52

Matrix Multiplication - 6,6
2872239916768.97, 2178461006041.18, 1934088312453.11, 3302804506648.15, 2490660205990.96, 2559945985722.48
1633470558301.67, 1552913857816.69, 1045068959315.51, 1966626284253.35, 1524181988537.81, 1202267333384.54
2259422953729.23, 1877954558282.78, 1547506891674.73, 2649450062968.19, 2081352266013.88, 1840617549757.89
2344838658890.09, 1770090054682.55, 1543279010064.74, 2600384894292.93, 1954272963456.22, 2030902814200.58
2028780219969.94, 1950193062704.52, 1592625514927.03, 2173607831853.79, 1951974621517.83, 1730851771266.22
2268935696032.31, 1788462203399.11, 1483241415724.99, 2789535005894.98, 2022063574461.43, 1839993972382.17

=====================================
Matrix Pair 25
Matrix A Size: 10,10
Matrix B Size: 10,10
Threads Used: 4
=====================================

Addition - 10,10
1571441.72, 752417.48, 1488280.64, 1908125.61, 805193.49, 1577113.79, 741031.62, 1339451.10, 919339.46, 1045332.81
715181.05, 981137.21, 1579471.55, 1324129.00, 385829.73, 1702985.83, 1544363.29, 437767.01, 1352803.88, 1096269.03
1279654.95, 1685231.43, 708067.24, 830252.57, 103998.39, 1663646.12, 739422.16, 796998.35, 1423766.51, 1150250.53
660785.99, 238609.71, 1471146.75, 1527770.86, 547578.47, 1202377.76, 194343.36, 1613832.36, 1498032.89, 485267.71
371411.78, 912473.79, 1518774.53, 1493322.09, 483696.56, 1116215.29, 943334.96, 273908.52, 703333.10, 1146945.37
1371171.33, 1729293.14, 338512.05, 1192297.47, 138840.34, 1009513.38, 1441244.96, 1442664.67, 261414.99, 1133763.01
1315737.93, 679438.97, 753756.22, 1587501.42, 955391.50, 1587222.66, 84222.90, 984724.81, 841470.34, 616232.12
558437.71, 443099.68, 973683.69, 706235.26, 1166968.93, 979612.37, 226276.76, 719384.50, 1082270.22, 620741.28
442553.65, 1291249.11, 993161.11, 136493.33, 1085420.00, 901941.89, 696402.82, 602902.56, 1663427.38, 987693.76
1594566.38, 1308787.58, 1476875.51, 1343809.84, 832572.76, 1093763.74, 1221027.00, 1218838.40, 1546922.29, 1187675.95

Subtraction - 10,10
-351393.08, -547797.00, 392821.14, 55975.12, 73185.07, 110691.60, 228093.65, -463075.10, -73374.64, -133166.17
104517.31, -87430.33, -140727.65, 244122.41, -175551.34, -207531.10, 25390.69, -281195.01, 42433.68, -902742.71
-396195.94, 66646.33, -566958.80, -351327.89, -8842.58, 183214.42, 566577.77, 314655.71, 493708.56, 241862.28
133569.54, -123034.53, 475949.28, 294925.54, -196519.91, -536406.12, 105866.69, 80311.40, 221103.61, -210904.58
-13473.92, 748473.46, -245942.31, -355303.67, 34395.89, 399958.31, -375489.91, 47670.52, 683295.39, 2059.98
542525.32, -201664.11, -32554.42, 462853.03, 133151.99, -479971.79, -412817.91, -475846.95, 119093.33, -758082.08
650832.11, -10265.79, -284244.96, -34179.29, -539875.19, 348678.72, -68831.28, -451974.83, -564858.01, -125773.60
5896.72, -196778.39, -269325.31, 121898.38, 523708.18, 845468.03, -34719.21, -270540.49, 321129.86, -8736.53
407609.38, -139877.17, -493557.49, 38187.71, -601954.39, -647662.79, -343334.59, -474086.61, 81598.59, 292075.31
-330651.70, -69439.05, -133482.17, -415167.38, 763556.09, 734086.65, 328042.58, 448167.39, 145894.37, -645729.06

Element-wise Multiplication - 10,10
586487993058.66, 66512630201.03, 515167701604.81, 909452535770.25, 160745124728.38, 618758817321.17, 124275286515.62, 394922671523.42, 209950302059.28, 268746863937.18
125140017868.09, 238746538845.84, 618731527248.20, 423430464265.55, 29511578044.96, 714272898724.61, 596103319316.84, 28142331272.23, 457069429245.05, 96715346036.75
370136394732.95, 708890806832.83, 44979236528.97, 141472010474.15, 2684368468.64, 683537721677.74, 56433688615.86, 134049539582.45, 445840733366.37, 316144731229.61
104699325461.75, 10449274349.42, 484436262168.11, 561775681943.89, 65305524685.96, 289495185169.70, 6640396456.81, 649501237401.76, 548803931228.30, 47751002712.10
34441290636.74, 68098974988.29, 561547113084.62, 525942539208.88, 58194821062.52, 271492480718.74, 187222042728.29, 18188349549.18, 6946216016.81, 328869856956.98
396444270323.08, 737446589775.83, 28382654752.33, 301835083192.39, 386796917.90, 197186086807.23, 476692104232.00, 463712754424.72, 13538644702.97, 177682534507.38
326895969816.56, 115382983236.51, 121838310744.34, 629748133403.57, 155326923855.94, 599424733679.31, 588937959.94, 191350426732.00, 97251937757.70, 90980756067.22
77954477457.85, 39403897677.94, 218880952168.27, 120977257546.01, 271886558775.55, 61206050551.50, 12498937252.83, 111080473972.22, 267046113049.39, 96310853171.96
7427082795.61, 411939659136.90, 185692496263.49, 4293031838.89, 203946874124.73, 98508019859.30, 91774561686.42, 34683346044.23, 690083080828.85, 222557742032.99
608327844353.54, 427025786080.48, 540835947688.75, 408365231668.65, 27539874831.97, 164358974656.94, 345823751639.77, 321178259770.29, 592920850118.78, 248402036896.11

Element-wise Division - 10,10
0.63, 0.16, 1.72, 1.06, 1.20, 1.15, 1.89, 0.49, 0.85, 0.77
1.34, 0.84, 0.84, 1.45, 0.37, 0.78, 1.03, 0.22, 1.06, 0.10
0.53, 1.08, 0.11, 0.41, 0.84, 1.25, 7.56, 2.30, 2.06, 1.53
1.51, 0.32, 1.96, 1.48, 0.47, 0.38, 3.39, 1.10, 1.35, 0.39
0.93, 10.13, 0.72, 0.62, 1.15, 2.12, 0.43, 1.42, 69.20, 1.00
2.31, 0.79, 0.82, 2.27, 47.82, 0.36, 0.55, 0.50, 2.67, 0.20
2.96, 0.97, 0.45, 0.96, 0.28, 1.56, 0.10, 0.37, 0.20, 0.66
1.02, 0.38, 0.57, 1.42, 2.63, 13.61, 0.73, 0.45, 1.84, 0.97
24.33, 0.80, 0.34, 1.78, 0.29, 0.16, 0.34, 0.12, 1.10, 1.84
0.66, 0.90, 0.83, 0.53, 23.13, 5.08, 1.73, 2.16, 1.21, 0.30

Transpose A - 10,10
610024.32, 409849.18, 441729.51, 397177.76, 178968.93, 956848.33, 983285.02, 282167.22, 425081.52, 631957.34
102310.24, 446853.44, 875938.88, 57787.59, 830473.63, 763814.51, 334586.59, 123160.64, 575685.97, 619674.26
940550.89, 719371.95, 70554.22, 973548.01, 636416.11, 152978.81, 234755.63, 352179.19, 249801.81, 671696.67
982050.36, 784125.70, 239462.34, 911348.20, 569009.21, 827575.25, 776661.06, 414066.82, 87340.52, 464321.23
439189.28, 105139.20, 47577.90, 175529.28, 259046.22, 135996.17, 207758.15, 845338.56, 241732.81, 798064.42
843902.69, 747727.37, 923430.27, 332985.82, 758086.80, 264770.79, 967950.69, 912540.20, 127139.55, 913925.19
484562.64, 784876.99, 652999.96, 150105.02, 283922.52, 514213.53, 7695.81, 95778.77, 176534.11, 774534.79
438188.00, 78286.00, 555827.03, 847071.88, 160789.52, 483408.86, 266374.99, 224422.00, 64407.98, 833502.90
422982.41, 697618.78, 958737.53, 859568.25, 693314.25, 190254.16, 138306.16, 701700.04, 872512.98, 846408.33
456083.32, 96763.16, 696056.41, 137181.57, 574502.67, 187840.47, 245229.26, 306002.38, 639884.53, 270973.45

Transpose B - 10,10
961417.40, 305331.87, 837925.45, 263608.23, 192442.85, 414323.00, 332452.91, 276270.49, 17472.14, 962609.04
650107.24, 534283.77, 809292.55, 180822.12, 82000.17, 965478.63, 344852.38, 319939.03, 715563.14, 689113.31
547729.75, 860099.60, 637513.02, 497598.74, 882358.42, 185533.24, 519000.59, 621504.50, 743359.30, 805178.84
926075.25, 540003.30, 590790.23, 616422.66, 924312.88, 364722.22, 810840.36, 292168.44, 49152.81, 879488.61
366004.21, 280690.53, 56420.49, 372049.19, 224650.34, 2844.18, 747633.34, 321630.38, 843687.20, 34508.34
733211.09, 955258.47, 740215.85, 869391.94, 358128.49, 744742.59, 619271.97, 67072.17, 774802.34, 179838.54
256468.98, 759486.30, 86422.19, 44238.34, 659412.43, 927031.44, 76527.09, 130497.99, 519868.71, 446492.21
901263.10, 359481.01, 241171.32, 766760.48, 113119.00, 959255.81, 718349.82, 494962.50, 538494.59, 385335.50
496357.05, 655185.10, 465028.98, 638464.64, 10018.86, 71160.83, 703164.18, 380570.18, 790914.40, 700513.96
589249.49, 999505.87, 454194.13, 348086.15, 572442.69, 945922.54, 371002.86, 314738.91, 347809.22, 916702.51

Matrix Multiplication - 10,10
2827454788987.38, 3165044523818.88, 3259980942757.76, 3437779543937.56, 1647303866708.17, 3619998541771.30, 1948613276901.17, 3394092461007.39, 2660186840828.98, 3163323142210.55
2057887447656.20, 2821282823745.95, 2741612514217.16, 2677773240476.30, 1837391454890.67, 3585308880054.53, 1780002339913.26, 3049415905766.75, 2586862232717.78, 2702464734623.08
2263568076400.57, 3319742493918.46, 3330278965389.21, 2803321981459.60, 2013799607975.30, 3435472798327.96, 2614374614273.56, 3333497789908.22, 2961618319347.13, 3540662561366.97
2058235106172.38, 2610028728680.15, 2911831407091.84, 2351750320943.20, 1710571556218.73, 3010659239468.24, 1324781259898.18, 2694417626170.69, 2498910614014.66, 2213678864014.36
2176790476689.46, 2972514035517.45, 3095646732810.47, 2673407006152.49, 1475316961978.54, 3374776623873.30, 2290048233129.90, 2684381611490.61, 2560367263055.88, 3211753719338.66
2124004616235.91, 2167949850784.77, 2719488661031.53, 2854098204848.85, 1619359709079.23, 3041878504867.76, 1495679945198.26, 2861248556933.48, 2422706402097.78, 2594399955437.30
2204601494423.66, 2455835497880.71, 2195193739256.43, 2560324175675.38, 1022006374159.06, 2858736842581.31, 1812005697174.04, 2916965658503.27, 1771237722035.52, 2684927237374.04
1654566387582.36, 2377297975668.82, 2563428294544.00, 2352146885777.86, 1250632087728.57, 2600636167444.38, 2156075753537.85, 2347648142992.64, 1644395830296.27, 2571294972694.60
1623678205935.20, 2091232643786.36, 2463036375215.39, 1943372884050.82, 1329334830819.66, 2208445035853.01, 1610172436009.55, 1741683200216.20, 2058546575909.11, 2204201626002.61
2777652386423.75, 3643457548141.67, 4179504220625.88, 3825374914431.00, 2368370936326.60, 4162716654023.28, 2813844934173.86, 3806443994198.90, 3122608975697.26, 3872282732123.99

